x,rho,P,u,e
0,2.5,1.5,0,1.5
0.0015015015015015,2.5,1.5,0,1.5
0.003003003003003,2.5,1.5,0,1.5
0.0045045045045045,2.5,1.5,0,1.5
0.00600600600600601,2.5,1.5,0,1.5
0.00750750750750751,2.5,1.5,0,1.5
0.00900900900900901,2.5,1.5,0,1.5
0.0105105105105105,2.5,1.5,0,1.5
0.012012012012012,2.5,1.5,0,1.5
0.0135135135135135,2.5,1.5,0,1.5
0.015015015015015,2.5,1.5,0,1.5
0.0165165165165165,2.5,1.5,0,1.5
0.018018018018018,2.5,1.5,0,1.5
0.0195195195195195,2.5,1.5,0,1.5
0.021021021021021,2.5,1.5,0,1.5
0.0225225225225225,2.5,1.5,0,1.5
0.024024024024024,2.5,1.5,0,1.5
0.0255255255255255,2.5,1.5,0,1.5
0.027027027027027,2.5,1.5,0,1.5
0.0285285285285285,2.5,1.5,0,1.5
0.03003003003003,2.5,1.5,0,1.5
0.0315315315315315,2.5,1.5,0,1.5
0.033033033033033,2.5,1.5,0,1.5
0.0345345345345345,2.5,1.5,0,1.5
0.036036036036036,2.5,1.5,0,1.5
0.0375375375375375,2.5,1.5,0,1.5
0.039039039039039,2.5,1.5,0,1.5
0.0405405405405405,2.5,1.5,0,1.5
0.042042042042042,2.5,1.5,0,1.5
0.0435435435435435,2.5,1.5,0,1.5
0.045045045045045,2.5,1.5,0,1.5
0.0465465465465465,2.5,1.5,0,1.5
0.048048048048048,2.5,1.5,0,1.5
0.0495495495495495,2.5,1.5,0,1.5
0.0510510510510511,2.5,1.5,0,1.5
0.0525525525525526,2.5,1.5,0,1.5
0.0540540540540541,2.5,1.5,0,1.5
0.0555555555555556,2.5,1.5,0,1.5
0.0570570570570571,2.5,1.5,0,1.5
0.0585585585585586,2.5,1.5,0,1.5
0.0600600600600601,2.5,1.5,0,1.5
0.0615615615615616,2.5,1.5,0,1.5
0.0630630630630631,2.5,1.5,0,1.5
0.0645645645645646,2.5,1.5,0,1.5
0.0660660660660661,2.5,1.5,0,1.5
0.0675675675675676,2.5,1.5,0,1.5
0.0690690690690691,2.5,1.5,0,1.5
0.0705705705705706,2.5,1.5,0,1.5
0.0720720720720721,2.5,1.5,0,1.5
0.0735735735735736,2.5,1.5,0,1.5
0.0750750750750751,2.5,1.5,0,1.5
0.0765765765765766,2.5,1.5,0,1.5
0.0780780780780781,2.5,1.5,0,1.5
0.0795795795795796,2.5,1.5,0,1.5
0.0810810810810811,2.5,1.5,0,1.5
0.0825825825825826,2.5,1.5,0,1.5
0.0840840840840841,2.5,1.5,0,1.5
0.0855855855855856,2.5,1.5,0,1.5
0.0870870870870871,2.5,1.5,0,1.5
0.0885885885885886,2.5,1.5,0,1.5
0.0900900900900901,2.5,1.5,0,1.5
0.0915915915915916,2.5,1.5,0,1.5
0.0930930930930931,2.5,1.5,0,1.5
0.0945945945945946,2.5,1.5,0,1.5
0.0960960960960961,2.5,1.5,0,1.5
0.0975975975975976,2.5,1.5,0,1.5
0.0990990990990991,2.5,1.5,0,1.5
0.100600600600601,2.5,1.5,0,1.5
0.102102102102102,2.5,1.5,0,1.5
0.103603603603604,2.5,1.5,0,1.5
0.105105105105105,2.5,1.5,0,1.5
0.106606606606607,2.5,1.5,0,1.5
0.108108108108108,2.5,1.5,0,1.5
0.10960960960961,2.5,1.5,0,1.5
0.111111111111111,2.5,1.5,0,1.5
0.112612612612613,2.5,1.5,0,1.5
0.114114114114114,2.5,1.5,0,1.5
0.115615615615616,2.5,1.5,0,1.5
0.117117117117117,2.5,1.5,0,1.5
0.118618618618619,2.5,1.5,0,1.5
0.12012012012012,2.5,1.5,0,1.5
0.121621621621622,2.5,1.5,0,1.5
0.123123123123123,2.5,1.5,0,1.5
0.124624624624625,2.5,1.5,0,1.5
0.126126126126126,2.5,1.5,0,1.5
0.127627627627628,2.5,1.5,0,1.5
0.129129129129129,2.5,1.5,0,1.5
0.130630630630631,2.5,1.5,0,1.5
0.132132132132132,2.5,1.5,0,1.5
0.133633633633634,2.5,1.5,0,1.5
0.135135135135135,2.5,1.5,0,1.5
0.136636636636637,2.5,1.5,0,1.5
0.138138138138138,2.5,1.5,0,1.5
0.13963963963964,2.5,1.5,0,1.5
0.141141141141141,2.5,1.5,0,1.5
0.142642642642643,2.5,1.5,0,1.5
0.144144144144144,2.5,1.5,0,1.5
0.145645645645646,2.5,1.5,0,1.5
0.147147147147147,2.5,1.5,0,1.5
0.148648648648649,2.5,1.5,0,1.5
0.15015015015015,2.5,1.5,0,1.5
0.151651651651652,2.5,1.5,0,1.5
0.153153153153153,2.5,1.5,0,1.5
0.154654654654655,2.5,1.5,0,1.5
0.156156156156156,2.5,1.5,0,1.5
0.157657657657658,2.5,1.5,0,1.5
0.159159159159159,2.5,1.5,0,1.5
0.160660660660661,2.5,1.5,0,1.5
0.162162162162162,2.5,1.5,0,1.5
0.163663663663664,2.5,1.5,0,1.5
0.165165165165165,2.5,1.5,0,1.5
0.166666666666667,2.5,1.5,0,1.5
0.168168168168168,2.5,1.5,0,1.5
0.16966966966967,2.5,1.5,0,1.5
0.171171171171171,2.5,1.5,0,1.5
0.172672672672673,2.5,1.5,0,1.5
0.174174174174174,2.5,1.5,0,1.5
0.175675675675676,2.5,1.5,0,1.5
0.177177177177177,2.5,1.5,0,1.5
0.178678678678679,2.5,1.5,0,1.5
0.18018018018018,2.5,1.5,0,1.5
0.181681681681682,2.5,1.5,0,1.5
0.183183183183183,2.5,1.5,0,1.5
0.184684684684685,2.5,1.5,0,1.5
0.186186186186186,2.5,1.5,0,1.5
0.187687687687688,2.5,1.5,0,1.5
0.189189189189189,2.5,1.5,0,1.5
0.190690690690691,2.5,1.5,0,1.5
0.192192192192192,2.5,1.5,0,1.5
0.193693693693694,2.5,1.5,0,1.5
0.195195195195195,2.5,1.5,0,1.5
0.196696696696697,2.5,1.5,0,1.5
0.198198198198198,2.5,1.5,0,1.5
0.1996996996997,2.5,1.5,0,1.5
0.201201201201201,2.5,1.5,0,1.5
0.202702702702703,2.5,1.5,0,1.5
0.204204204204204,2.5,1.5,0,1.5
0.205705705705706,2.5,1.5,0,1.5
0.207207207207207,2.5,1.5,0,1.5
0.208708708708709,2.5,1.5,0,1.5
0.21021021021021,2.5,1.5,0,1.5
0.211711711711712,2.5,1.5,0,1.5
0.213213213213213,2.5,1.5,0,1.5
0.214714714714715,2.5,1.5,0,1.5
0.216216216216216,2.5,1.5,0,1.5
0.217717717717718,2.5,1.5,0,1.5
0.219219219219219,2.5,1.5,0,1.5
0.220720720720721,2.5,1.5,0,1.5
0.222222222222222,2.5,1.5,0,1.5
0.223723723723724,2.5,1.5,0,1.5
0.225225225225225,2.5,1.5,0,1.5
0.226726726726727,2.5,1.5,0,1.5
0.228228228228228,2.5,1.5,0,1.5
0.22972972972973,2.5,1.5,0,1.5
0.231231231231231,2.5,1.5,0,1.5
0.232732732732733,2.5,1.5,0,1.5
0.234234234234234,2.5,1.5,0,1.5
0.235735735735736,2.5,1.5,0,1.5
0.237237237237237,2.5,1.5,0,1.5
0.238738738738739,2.5,1.5,0,1.5
0.24024024024024,2.5,1.5,0,1.5
0.241741741741742,2.5,1.5,0,1.5
0.243243243243243,2.5,1.5,0,1.5
0.244744744744745,2.5,1.5,0,1.5
0.246246246246246,2.5,1.5,0,1.5
0.247747747747748,2.5,1.5,0,1.5
0.249249249249249,2.5,1.5,0,1.5
0.250750750750751,2.5,1.5,0,1.5
0.252252252252252,2.5,1.5,0,1.5
0.253753753753754,2.5,1.5,0,1.5
0.255255255255255,2.5,1.5,0,1.5
0.256756756756757,2.5,1.5,0,1.5
0.258258258258258,2.5,1.5,0,1.5
0.25975975975976,2.5,1.5,0,1.5
0.261261261261261,2.5,1.5,0,1.5
0.262762762762763,2.5,1.5,0,1.5
0.264264264264264,2.5,1.5,0,1.5
0.265765765765766,2.5,1.5,0,1.5
0.267267267267267,2.5,1.5,0,1.5
0.268768768768769,2.5,1.5,0,1.5
0.27027027027027,2.5,1.5,0,1.5
0.271771771771772,2.5,1.5,0,1.5
0.273273273273273,2.5,1.5,0,1.5
0.274774774774775,2.5,1.5,0,1.5
0.276276276276276,2.5,1.5,0,1.5
0.277777777777778,2.5,1.5,0,1.5
0.279279279279279,2.5,1.5,0,1.5
0.280780780780781,2.5,1.5,0,1.5
0.282282282282282,2.5,1.5,0,1.5
0.283783783783784,2.5,1.5,0,1.5
0.285285285285285,2.5,1.5,0,1.5
0.286786786786787,2.5,1.5,0,1.5
0.288288288288288,2.5,1.5,0,1.5
0.28978978978979,2.5,1.5,0,1.5
0.291291291291291,2.5,1.5,0,1.5
0.292792792792793,2.5,1.5,0,1.5
0.294294294294294,2.5,1.5,0,1.5
0.295795795795796,2.5,1.5,0,1.5
0.297297297297297,2.5,1.5,0,1.5
0.298798798798799,2.5,1.5,0,1.5
0.3003003003003,2.5,1.5,0,1.5
0.301801801801802,2.5,1.5,0,1.5
0.303303303303303,2.5,1.5,0,1.5
0.304804804804805,2.5,1.5,0,1.5
0.306306306306306,2.5,1.5,0,1.5
0.307807807807808,2.5,1.5,0,1.5
0.309309309309309,2.5,1.5,0,1.5
0.310810810810811,2.5,1.5,0,1.5
0.312312312312312,2.5,1.5,0,1.5
0.313813813813814,2.5,1.5,0,1.5
0.315315315315315,2.5,1.5,0,1.5
0.316816816816817,2.5,1.5,0,1.5
0.318318318318318,2.5,1.5,0,1.5
0.31981981981982,2.5,1.5,0,1.5
0.321321321321321,2.5,1.5,0,1.5
0.322822822822823,2.5,1.5,0,1.5
0.324324324324324,2.5,1.5,0,1.5
0.325825825825826,2.5,1.5,0,1.5
0.327327327327327,2.5,1.5,0,1.5
0.328828828828829,2.5,1.5,0,1.5
0.33033033033033,2.5,1.5,0,1.5
0.331831831831832,2.5,1.5,0,1.5
0.333333333333333,2.5,1.5,0,1.5
0.334834834834835,2.5,1.5,0,1.5
0.336336336336336,2.5,1.5,0,1.5
0.337837837837838,2.5,1.5,0,1.5
0.339339339339339,2.5,1.5,0,1.5
0.340840840840841,2.5,1.5,0,1.5
0.342342342342342,2.5,1.5,0,1.5
0.343843843843844,2.5,1.5,0,1.5
0.345345345345345,2.5,1.5,0,1.5
0.346846846846847,2.5,1.5,0,1.5
0.348348348348348,2.5,1.5,0,1.5
0.34984984984985,2.5,1.5,0,1.5
0.351351351351351,2.5,1.5,0,1.5
0.352852852852853,2.5,1.5,0,1.5
0.354354354354354,2.5,1.5,0,1.5
0.355855855855856,2.5,1.5,0,1.5
0.357357357357357,2.5,1.5,0,1.5
0.358858858858859,2.5,1.5,0,1.5
0.36036036036036,2.5,1.5,0,1.5
0.361861861861862,2.5,1.5,0,1.5
0.363363363363363,2.5,1.5,0,1.5
0.364864864864865,2.5,1.5,0,1.5
0.366366366366366,2.5,1.5,0,1.5
0.367867867867868,2.5,1.5,0,1.5
0.369369369369369,2.5,1.5,0,1.5
0.370870870870871,2.5,1.5,0,1.5
0.372372372372372,2.5,1.5,0,1.5
0.373873873873874,2.5,1.5,0,1.5
0.375375375375375,2.5,1.5,0,1.5
0.376876876876877,2.5,1.5,0,1.5
0.378378378378378,2.5,1.5,0,1.5
0.37987987987988,2.5,1.5,0,1.5
0.381381381381381,2.5,1.5,0,1.5
0.382882882882883,2.5,1.5,0,1.5
0.384384384384384,2.5,1.5,0,1.5
0.385885885885886,2.5,1.5,0,1.5
0.387387387387387,2.5,1.5,0,1.5
0.388888888888889,2.5,1.5,0,1.5
0.39039039039039,2.5,1.5,0,1.5
0.391891891891892,2.5,1.5,0,1.5
0.393393393393393,2.5,1.5,0,1.5
0.394894894894895,2.5,1.5,0,1.5
0.396396396396396,2.5,1.5,0,1.5
0.397897897897898,2.5,1.5,0,1.5
0.399399399399399,2.5,1.5,0,1.5
0.400900900900901,2.5,1.5,0,1.5
0.402402402402402,2.5,1.5,0,1.5
0.403903903903904,2.5,1.5,0,1.5
0.405405405405405,2.5,1.5,0,1.5
0.406906906906907,2.5,1.5,0,1.5
0.408408408408408,2.5,1.5,0,1.5
0.40990990990991,2.5,1.5,0,1.5
0.411411411411411,2.5,1.5,0,1.5
0.412912912912913,2.5,1.5,0,1.5
0.414414414414414,2.5,1.5,0,1.5
0.415915915915916,2.5,1.5,0,1.5
0.417417417417417,2.5,1.5,0,1.5
0.418918918918919,2.5,1.5,0,1.5
0.42042042042042,2.5,1.5,0,1.5
0.421921921921922,2.5,1.5,0,1.5
0.423423423423423,2.5,1.5,0,1.5
0.424924924924925,2.5,1.5,0,1.5
0.426426426426426,2.5,1.5,0,1.5
0.427927927927928,2.5,1.5,0,1.5
0.429429429429429,2.5,1.5,0,1.5
0.430930930930931,2.5,1.5,0,1.5
0.432432432432432,2.5,1.5,0,1.5
0.433933933933934,2.5,1.5,0,1.5
0.435435435435435,2.5,1.5,0,1.5
0.436936936936937,2.5,1.5,0,1.5
0.438438438438438,2.5,1.5,0,1.5
0.43993993993994,2.5,1.5,0,1.5
0.441441441441441,2.5,1.5,0,1.5
0.442942942942943,2.5,1.5,0,1.5
0.444444444444444,2.5,1.5,0,1.5
0.445945945945946,2.5,1.5,0,1.5
0.447447447447447,2.5,1.5,0,1.5
0.448948948948949,2.5,1.5,0,1.5
0.45045045045045,2.5,1.5,0,1.5
0.451951951951952,2.5,1.5,0,1.5
0.453453453453453,2.5,1.5,0,1.5
0.454954954954955,2.5,1.5,0,1.5
0.456456456456456,2.5,1.5,0,1.5
0.457957957957958,2.5,1.5,0,1.5
0.459459459459459,2.5,1.5,0,1.5
0.460960960960961,2.5,1.5,0,1.5
0.462462462462462,2.5,1.5,0,1.5
0.463963963963964,2.5,1.5,0,1.5
0.465465465465465,2.5,1.5,0,1.5
0.466966966966967,2.5,1.5,0,1.5
0.468468468468468,2.5,1.5,0,1.5
0.46996996996997,2.5,1.5,0,1.5
0.471471471471471,2.5,1.5,0,1.5
0.472972972972973,2.5,1.5,0,1.5
0.474474474474474,2.5,1.5,0,1.5
0.475975975975976,2.5,1.5,0,1.5
0.477477477477477,2.5,1.5,0,1.5
0.478978978978979,2.5,1.5,0,1.5
0.48048048048048,2.5,1.5,0,1.5
0.481981981981982,2.5,1.5,0,1.5
0.483483483483483,2.5,1.5,0,1.5
0.484984984984985,2.5,1.5,0,1.5
0.486486486486487,2.5,1.5,0,1.5
0.487987987987988,2.5,1.5,0,1.5
0.48948948948949,2.5,1.5,0,1.5
0.490990990990991,2.5,1.5,0,1.5
0.492492492492492,2.5,1.5,0,1.5
0.493993993993994,2.5,1.5,0,1.5
0.495495495495495,2.5,1.5,0,1.5
0.496996996996997,2.5,1.5,0,1.5
0.498498498498498,2.5,1.5,0,1.5
0.5,2.5,1.5,0,1.5
0.501501501501502,2.5,1.5,0,1.5
0.503003003003003,2.5,1.5,0,1.5
0.504504504504504,2.5,1.5,0,1.5
0.506006006006006,2.5,1.5,0,1.5
0.507507507507508,2.5,1.5,0,1.5
0.509009009009009,2.5,1.5,0,1.5
0.510510510510511,2.5,1.5,0,1.5
0.512012012012012,2.5,1.5,0,1.5
0.513513513513513,2.5,1.5,0,1.5
0.515015015015015,2.5,1.5,0,1.5
0.516516516516517,2.5,1.5,0,1.5
0.518018018018018,2.5,1.5,0,1.5
0.519519519519519,2.5,1.5,0,1.5
0.521021021021021,2.5,1.5,0,1.5
0.522522522522523,2.5,1.5,0,1.5
0.524024024024024,2.5,1.5,0,1.5
0.525525525525526,2.5,1.5,0,1.5
0.527027027027027,2.5,1.5,0,1.5
0.528528528528528,2.5,1.5,0,1.5
0.53003003003003,2.5,1.5,0,1.5
0.531531531531532,2.5,1.5,0,1.5
0.533033033033033,2.5,1.5,0,1.5
0.534534534534535,2.5,1.5,0,1.5
0.536036036036036,2.5,1.5,0,1.5
0.537537537537538,2.5,1.5,0,1.5
0.539039039039039,2.5,1.5,0,1.5
0.540540540540541,2.5,1.5,0,1.5
0.542042042042042,2.5,1.5,0,1.5
0.543543543543544,2.5,1.5,0,1.5
0.545045045045045,2.5,1.5,0,1.5
0.546546546546547,2.5,1.5,0,1.5
0.548048048048048,2.5,1.5,0,1.5
0.54954954954955,2.5,1.5,0,1.5
0.551051051051051,2.5,1.5,0,1.5
0.552552552552553,2.5,1.5,0,1.5
0.554054054054054,2.5,1.5,0,1.5
0.555555555555556,2.5,1.5,0,1.5
0.557057057057057,2.5,1.5,0,1.5
0.558558558558559,2.5,1.5,0,1.5
0.56006006006006,2.5,1.5,0,1.5
0.561561561561562,2.5,1.5,0,1.5
0.563063063063063,2.5,1.5,0,1.5
0.564564564564565,2.5,1.5,0,1.5
0.566066066066066,2.5,1.5,0,1.5
0.567567567567568,2.5,1.5,0,1.5
0.569069069069069,2.5,1.5,0,1.5
0.570570570570571,2.5,1.5,0,1.5
0.572072072072072,2.5,1.5,0,1.5
0.573573573573574,2.5,1.5,0,1.5
0.575075075075075,2.5,1.5,0,1.5
0.576576576576577,2.5,1.5,0,1.5
0.578078078078078,2.5,1.5,0,1.5
0.57957957957958,2.5,1.5,0,1.5
0.581081081081081,2.5,1.5,0,1.5
0.582582582582583,2.5,1.5,0,1.5
0.584084084084084,2.5,1.5,0,1.5
0.585585585585586,2.5,1.5,0,1.5
0.587087087087087,2.5,1.5,0,1.5
0.588588588588589,2.5,1.5,0,1.5
0.59009009009009,2.5,1.5,0,1.5
0.591591591591592,2.5,1.5,0,1.5
0.593093093093093,2.5,1.5,0,1.5
0.594594594594595,2.5,1.5,0,1.5
0.596096096096096,2.5,1.5,0,1.5
0.597597597597598,2.5,1.5,0,1.5
0.599099099099099,2.5,1.5,0,1.5
0.600600600600601,2.5,1.5,0,1.5
0.602102102102102,2.5,1.5,0,1.5
0.603603603603604,2.5,1.5,0,1.5
0.605105105105105,2.5,1.5,0,1.5
0.606606606606607,2.5,1.5,0,1.5
0.608108108108108,2.5,1.5,0,1.5
0.60960960960961,2.5,1.5,0,1.5
0.611111111111111,2.5,1.5,0,1.5
0.612612612612613,2.5,1.5,0,1.5
0.614114114114114,2.5,1.5,0,1.5
0.615615615615616,2.5,1.5,0,1.5
0.617117117117117,2.5,1.5,0,1.5
0.618618618618619,2.5,1.5,0,1.5
0.62012012012012,2.5,1.5,0,1.5
0.621621621621622,2.5,1.5,0,1.5
0.623123123123123,2.5,1.5,0,1.5
0.624624624624625,2.5,1.5,0,1.5
0.626126126126126,2.5,1.5,0,1.5
0.627627627627628,2.5,1.5,0,1.5
0.629129129129129,2.5,1.5,0,1.5
0.630630630630631,2.5,1.5,0,1.5
0.632132132132132,2.5,1.5,0,1.5
0.633633633633634,2.5,1.5,0,1.5
0.635135135135135,2.5,1.5,0,1.5
0.636636636636637,2.5,1.5,0,1.5
0.638138138138138,2.5,1.5,0,1.5
0.63963963963964,2.5,1.5,0,1.5
0.641141141141141,2.5,1.5,0,1.5
0.642642642642643,2.5,1.5,0,1.5
0.644144144144144,2.5,1.5,0,1.5
0.645645645645646,2.5,1.5,0,1.5
0.647147147147147,2.5,1.5,0,1.5
0.648648648648649,2.5,1.5,0,1.5
0.65015015015015,2.5,1.5,0,1.5
0.651651651651652,2.5,1.5,0,1.5
0.653153153153153,2.5,1.5,0,1.5
0.654654654654655,2.5,1.5,0,1.5
0.656156156156156,2.5,1.5,0,1.5
0.657657657657658,2.5,1.5,0,1.5
0.659159159159159,2.5,1.5,0,1.5
0.660660660660661,2.5,1.5,0,1.5
0.662162162162162,2.5,1.5,0,1.5
0.663663663663664,2.5,1.5,0,1.5
0.665165165165165,2.5,1.5,0,1.5
0.666666666666667,2.5,1.5,0,1.5
0.668168168168168,2.5,1.5,0,1.5
0.66966966966967,2.5,1.5,0,1.5
0.671171171171171,2.5,1.5,0,1.5
0.672672672672673,2.5,1.5,0,1.5
0.674174174174174,2.5,1.5,0,1.5
0.675675675675676,2.5,1.5,0,1.5
0.677177177177177,2.5,1.5,0,1.5
0.678678678678679,2.5,1.5,0,1.5
0.68018018018018,2.5,1.5,0,1.5
0.681681681681682,2.5,1.5,0,1.5
0.683183183183183,2.5,1.5,0,1.5
0.684684684684685,2.5,1.5,0,1.5
0.686186186186186,2.5,1.5,0,1.5
0.687687687687688,2.5,1.5,0,1.5
0.689189189189189,2.5,1.5,0,1.5
0.690690690690691,2.5,1.5,0,1.5
0.692192192192192,2.5,1.5,0,1.5
0.693693693693694,2.5,1.5,0,1.5
0.695195195195195,2.5,1.5,0,1.5
0.696696696696697,2.5,1.5,0,1.5
0.698198198198198,2.5,1.5,0,1.5
0.6996996996997,2.5,1.5,0,1.5
0.701201201201201,2.5,1.5,0,1.5
0.702702702702703,2.5,1.5,0,1.5
0.704204204204204,2.5,1.5,0,1.5
0.705705705705706,2.5,1.5,0,1.5
0.707207207207207,2.5,1.5,0,1.5
0.708708708708709,2.5,1.5,0,1.5
0.71021021021021,2.5,1.5,0,1.5
0.711711711711712,2.5,1.5,0,1.5
0.713213213213213,2.5,1.5,0,1.5
0.714714714714715,2.5,1.5,0,1.5
0.716216216216216,2.5,1.5,0,1.5
0.717717717717718,2.5,1.5,0,1.5
0.719219219219219,2.5,1.5,0,1.5
0.720720720720721,2.5,1.5,0,1.5
0.722222222222222,2.5,1.5,0,1.5
0.723723723723724,2.40897808353532,1.42410245575968,0.0338660525960769,1.47791138646405
0.725225225225225,2.30054203382878,1.33517283829173,0.0755744276377859,1.45093288740047
0.726726726726727,2.19604647153037,1.25104630218205,0.117282802679495,1.42420290098669
0.728228228228228,2.09538301162736,1.17150469343601,0.158991177721201,1.39772142722272
0.72972972972973,1.99844527503826,1.09633785794563,0.20069955276291,1.37148846610854
0.731231231231231,1.90512886987634,1.02534341941941,0.242407927804619,1.34550401764417
0.732732732732733,1.81533137271305,0.958326561460245,0.284116302846328,1.31976808182961
0.734234234234234,1.72895230984151,0.895099813752709,0.325824677888037,1.29428065866484
0.735735735735736,1.64589313853995,0.835482842320252,0.367533052929743,1.26904174814988
0.737237237237237,1.56605722833515,0.779302243813399,0.409241427971452,1.24405135028472
0.738738738738739,1.48934984226597,0.726391343789788,0.450949803013161,1.21930946506937
0.74024024024024,1.41567811814676,0.676589998946904,0.492658178054869,1.19481609250381
0.741741741741742,1.3449510498308,0.629744403268422,0.534366553096578,1.17057123258806
0.743243243243243,1.27707946847385,0.585706898045056,0.576074928138284,1.14657488532212
0.744744744744745,1.2119760237975,0.544335785730759,0.617783303179993,1.12282705070597
0.746246246246246,1.1495551653527,0.50549514759524,0.659491678221702,1.09932772873963
0.747747747747748,1.08973312378323,0.469054665133585,0.701200053263411,1.07607691942309
0.749249249249249,1.0324278920891,0.434889445193949,0.74290842830512,1.05307462275636
0.750750750750751,0.977559206890085,0.402879848784176,0.784616803346826,1.03032083873943
0.752252252252252,0.925048529689112,0.372911323518216,0.826325178388535,1.0078155673723
0.753753753753754,0.874819028135785,0.34487423966328,0.868033553430244,0.985558808654969
0.755255255255255,0.82679555728981,0.318663729748558,0.909741928471953,0.963550562587444
0.756756756756757,0.797802995530053,0.303130178050647,0.92745262004895,0.949890448359529
0.758258258258258,0.797802995530053,0.303130178050647,0.92745262004895,0.949890448359529
0.75975975975976,0.797802995530053,0.303130178050647,0.92745262004895,0.949890448359529
0.761261261261261,0.797802995530053,0.303130178050647,0.92745262004895,0.949890448359529
0.762762762762763,0.797802995530053,0.303130178050647,0.92745262004895,0.949890448359529
0.764264264264264,0.797802995530053,0.303130178050647,0.92745262004895,0.949890448359529
0.765765765765766,0.797802995530053,0.303130178050647,0.92745262004895,0.949890448359529
0.767267267267267,0.797802995530053,0.303130178050647,0.92745262004895,0.949890448359529
0.768768768768769,0.797802995530053,0.303130178050647,0.92745262004895,0.949890448359529
0.77027027027027,0.797802995530053,0.303130178050647,0.92745262004895,0.949890448359529
0.771771771771772,0.797802995530053,0.303130178050647,0.92745262004895,0.949890448359529
0.773273273273273,0.797802995530053,0.303130178050647,0.92745262004895,0.949890448359529
0.774774774774775,0.797802995530053,0.303130178050647,0.92745262004895,0.949890448359529
0.776276276276276,0.797802995530053,0.303130178050647,0.92745262004895,0.949890448359529
0.777777777777778,0.797802995530053,0.303130178050647,0.92745262004895,0.949890448359529
0.779279279279279,0.265573711705307,0.303130178050647,0.92745262004895,2.85354088799096
0.780780780780781,0.265573711705307,0.303130178050647,0.92745262004895,2.85354088799096
0.782282282282282,0.265573711705307,0.303130178050647,0.92745262004895,2.85354088799096
0.783783783783784,0.265573711705307,0.303130178050647,0.92745262004895,2.85354088799096
0.785285285285285,0.265573711705307,0.303130178050647,0.92745262004895,2.85354088799096
0.786786786786787,0.265573711705307,0.303130178050647,0.92745262004895,2.85354088799096
0.788288288288288,0.265573711705307,0.303130178050647,0.92745262004895,2.85354088799096
0.78978978978979,0.265573711705307,0.303130178050647,0.92745262004895,2.85354088799096
0.791291291291291,0.265573711705307,0.303130178050647,0.92745262004895,2.85354088799096
0.792792792792793,0.265573711705307,0.303130178050647,0.92745262004895,2.85354088799096
0.794294294294294,0.265573711705307,0.303130178050647,0.92745262004895,2.85354088799096
0.795795795795796,0.265573711705307,0.303130178050647,0.92745262004895,2.85354088799096
0.797297297297297,0.265573711705307,0.303130178050647,0.92745262004895,2.85354088799096
0.798798798798799,0.265573711705307,0.303130178050647,0.92745262004895,2.85354088799096
0.8003003003003,0.265573711705307,0.303130178050647,0.92745262004895,2.85354088799096
0.801801801801802,0.265573711705307,0.303130178050647,0.92745262004895,2.85354088799096
0.803303303303303,0.125,0.1,0,2
0.804804804804805,0.125,0.1,0,2
0.806306306306306,0.125,0.1,0,2
0.807807807807808,0.125,0.1,0,2
0.809309309309309,0.125,0.1,0,2
0.810810810810811,0.125,0.1,0,2
0.812312312312312,0.125,0.1,0,2
0.813813813813814,0.125,0.1,0,2
0.815315315315315,0.125,0.1,0,2
0.816816816816817,0.125,0.1,0,2
0.818318318318318,0.125,0.1,0,2
0.81981981981982,0.125,0.1,0,2
0.821321321321321,0.125,0.1,0,2
0.822822822822823,0.125,0.1,0,2
0.824324324324324,0.125,0.1,0,2
0.825825825825826,0.125,0.1,0,2
0.827327327327327,0.125,0.1,0,2
0.828828828828829,0.125,0.1,0,2
0.83033033033033,0.125,0.1,0,2
0.831831831831832,0.125,0.1,0,2
0.833333333333333,0.125,0.1,0,2
0.834834834834835,0.125,0.1,0,2
0.836336336336336,0.125,0.1,0,2
0.837837837837838,0.125,0.1,0,2
0.839339339339339,0.125,0.1,0,2
0.840840840840841,0.125,0.1,0,2
0.842342342342342,0.125,0.1,0,2
0.843843843843844,0.125,0.1,0,2
0.845345345345345,0.125,0.1,0,2
0.846846846846847,0.125,0.1,0,2
0.848348348348348,0.125,0.1,0,2
0.84984984984985,0.125,0.1,0,2
0.851351351351351,0.125,0.1,0,2
0.852852852852853,0.125,0.1,0,2
0.854354354354354,0.125,0.1,0,2
0.855855855855856,0.125,0.1,0,2
0.857357357357357,0.125,0.1,0,2
0.858858858858859,0.125,0.1,0,2
0.86036036036036,0.125,0.1,0,2
0.861861861861862,0.125,0.1,0,2
0.863363363363363,0.125,0.1,0,2
0.864864864864865,0.125,0.1,0,2
0.866366366366366,0.125,0.1,0,2
0.867867867867868,0.125,0.1,0,2
0.869369369369369,0.125,0.1,0,2
0.870870870870871,0.125,0.1,0,2
0.872372372372372,0.125,0.1,0,2
0.873873873873874,0.125,0.1,0,2
0.875375375375375,0.125,0.1,0,2
0.876876876876877,0.125,0.1,0,2
0.878378378378378,0.125,0.1,0,2
0.87987987987988,0.125,0.1,0,2
0.881381381381381,0.125,0.1,0,2
0.882882882882883,0.125,0.1,0,2
0.884384384384384,0.125,0.1,0,2
0.885885885885886,0.125,0.1,0,2
0.887387387387387,0.125,0.1,0,2
0.888888888888889,0.125,0.1,0,2
0.89039039039039,0.125,0.1,0,2
0.891891891891892,0.125,0.1,0,2
0.893393393393393,0.125,0.1,0,2
0.894894894894895,0.125,0.1,0,2
0.896396396396396,0.125,0.1,0,2
0.897897897897898,0.125,0.1,0,2
0.899399399399399,0.125,0.1,0,2
0.900900900900901,0.125,0.1,0,2
0.902402402402402,0.125,0.1,0,2
0.903903903903904,0.125,0.1,0,2
0.905405405405405,0.125,0.1,0,2
0.906906906906907,0.125,0.1,0,2
0.908408408408408,0.125,0.1,0,2
0.90990990990991,0.125,0.1,0,2
0.911411411411411,0.125,0.1,0,2
0.912912912912913,0.125,0.1,0,2
0.914414414414414,0.125,0.1,0,2
0.915915915915916,0.125,0.1,0,2
0.917417417417417,0.125,0.1,0,2
0.918918918918919,0.125,0.1,0,2
0.92042042042042,0.125,0.1,0,2
0.921921921921922,0.125,0.1,0,2
0.923423423423423,0.125,0.1,0,2
0.924924924924925,0.125,0.1,0,2
0.926426426426426,0.125,0.1,0,2
0.927927927927928,0.125,0.1,0,2
0.929429429429429,0.125,0.1,0,2
0.930930930930931,0.125,0.1,0,2
0.932432432432432,0.125,0.1,0,2
0.933933933933934,0.125,0.1,0,2
0.935435435435435,0.125,0.1,0,2
0.936936936936937,0.125,0.1,0,2
0.938438438438438,0.125,0.1,0,2
0.93993993993994,0.125,0.1,0,2
0.941441441441441,0.125,0.1,0,2
0.942942942942943,0.125,0.1,0,2
0.944444444444444,0.125,0.1,0,2
0.945945945945946,0.125,0.1,0,2
0.947447447447447,0.125,0.1,0,2
0.948948948948949,0.125,0.1,0,2
0.95045045045045,0.125,0.1,0,2
0.951951951951952,0.125,0.1,0,2
0.953453453453453,0.125,0.1,0,2
0.954954954954955,0.125,0.1,0,2
0.956456456456456,0.125,0.1,0,2
0.957957957957958,0.125,0.1,0,2
0.959459459459459,0.125,0.1,0,2
0.960960960960961,0.125,0.1,0,2
0.962462462462462,0.125,0.1,0,2
0.963963963963964,0.125,0.1,0,2
0.965465465465465,0.125,0.1,0,2
0.966966966966967,0.125,0.1,0,2
0.968468468468468,0.125,0.1,0,2
0.96996996996997,0.125,0.1,0,2
0.971471471471472,0.125,0.1,0,2
0.972972972972973,0.125,0.1,0,2
0.974474474474474,0.125,0.1,0,2
0.975975975975976,0.125,0.1,0,2
0.977477477477477,0.125,0.1,0,2
0.978978978978979,0.125,0.1,0,2
0.980480480480481,0.125,0.1,0,2
0.981981981981982,0.125,0.1,0,2
0.983483483483483,0.125,0.1,0,2
0.984984984984985,0.125,0.1,0,2
0.986486486486487,0.125,0.1,0,2
0.987987987987988,0.125,0.1,0,2
0.989489489489489,0.125,0.1,0,2
0.990990990990991,0.125,0.1,0,2
0.992492492492492,0.125,0.1,0,2
0.993993993993994,0.125,0.1,0,2
0.995495495495496,0.125,0.1,0,2
0.996996996996997,0.125,0.1,0,2
0.998498498498498,0.125,0.1,0,2
1,0.125,0.1,0,2
1.0015015015015,0.125,0.1,0,2
1.003003003003,0.125,0.1,0,2
1.0045045045045,0.125,0.1,0,2
1.00600600600601,0.125,0.1,0,2
1.00750750750751,0.125,0.1,0,2
1.00900900900901,0.125,0.1,0,2
1.01051051051051,0.125,0.1,0,2
1.01201201201201,0.125,0.1,0,2
1.01351351351351,0.125,0.1,0,2
1.01501501501502,0.125,0.1,0,2
1.01651651651652,0.125,0.1,0,2
1.01801801801802,0.125,0.1,0,2
1.01951951951952,0.125,0.1,0,2
1.02102102102102,0.125,0.1,0,2
1.02252252252252,0.125,0.1,0,2
1.02402402402402,0.125,0.1,0,2
1.02552552552553,0.125,0.1,0,2
1.02702702702703,0.125,0.1,0,2
1.02852852852853,0.125,0.1,0,2
1.03003003003003,0.125,0.1,0,2
1.03153153153153,0.125,0.1,0,2
1.03303303303303,0.125,0.1,0,2
1.03453453453453,0.125,0.1,0,2
1.03603603603604,0.125,0.1,0,2
1.03753753753754,0.125,0.1,0,2
1.03903903903904,0.125,0.1,0,2
1.04054054054054,0.125,0.1,0,2
1.04204204204204,0.125,0.1,0,2
1.04354354354354,0.125,0.1,0,2
1.04504504504505,0.125,0.1,0,2
1.04654654654655,0.125,0.1,0,2
1.04804804804805,0.125,0.1,0,2
1.04954954954955,0.125,0.1,0,2
1.05105105105105,0.125,0.1,0,2
1.05255255255255,0.125,0.1,0,2
1.05405405405405,0.125,0.1,0,2
1.05555555555556,0.125,0.1,0,2
1.05705705705706,0.125,0.1,0,2
1.05855855855856,0.125,0.1,0,2
1.06006006006006,0.125,0.1,0,2
1.06156156156156,0.125,0.1,0,2
1.06306306306306,0.125,0.1,0,2
1.06456456456456,0.125,0.1,0,2
1.06606606606607,0.125,0.1,0,2
1.06756756756757,0.125,0.1,0,2
1.06906906906907,0.125,0.1,0,2
1.07057057057057,0.125,0.1,0,2
1.07207207207207,0.125,0.1,0,2
1.07357357357357,0.125,0.1,0,2
1.07507507507508,0.125,0.1,0,2
1.07657657657658,0.125,0.1,0,2
1.07807807807808,0.125,0.1,0,2
1.07957957957958,0.125,0.1,0,2
1.08108108108108,0.125,0.1,0,2
1.08258258258258,0.125,0.1,0,2
1.08408408408408,0.125,0.1,0,2
1.08558558558559,0.125,0.1,0,2
1.08708708708709,0.125,0.1,0,2
1.08858858858859,0.125,0.1,0,2
1.09009009009009,0.125,0.1,0,2
1.09159159159159,0.125,0.1,0,2
1.09309309309309,0.125,0.1,0,2
1.09459459459459,0.125,0.1,0,2
1.0960960960961,0.125,0.1,0,2
1.0975975975976,0.125,0.1,0,2
1.0990990990991,0.125,0.1,0,2
1.1006006006006,0.125,0.1,0,2
1.1021021021021,0.125,0.1,0,2
1.1036036036036,0.125,0.1,0,2
1.10510510510511,0.125,0.1,0,2
1.10660660660661,0.125,0.1,0,2
1.10810810810811,0.125,0.1,0,2
1.10960960960961,0.125,0.1,0,2
1.11111111111111,0.125,0.1,0,2
1.11261261261261,0.125,0.1,0,2
1.11411411411411,0.125,0.1,0,2
1.11561561561562,0.125,0.1,0,2
1.11711711711712,0.125,0.1,0,2
1.11861861861862,0.125,0.1,0,2
1.12012012012012,0.125,0.1,0,2
1.12162162162162,0.125,0.1,0,2
1.12312312312312,0.125,0.1,0,2
1.12462462462462,0.125,0.1,0,2
1.12612612612613,0.125,0.1,0,2
1.12762762762763,0.125,0.1,0,2
1.12912912912913,0.125,0.1,0,2
1.13063063063063,0.125,0.1,0,2
1.13213213213213,0.125,0.1,0,2
1.13363363363363,0.125,0.1,0,2
1.13513513513514,0.125,0.1,0,2
1.13663663663664,0.125,0.1,0,2
1.13813813813814,0.125,0.1,0,2
1.13963963963964,0.125,0.1,0,2
1.14114114114114,0.125,0.1,0,2
1.14264264264264,0.125,0.1,0,2
1.14414414414414,0.125,0.1,0,2
1.14564564564565,0.125,0.1,0,2
1.14714714714715,0.125,0.1,0,2
1.14864864864865,0.125,0.1,0,2
1.15015015015015,0.125,0.1,0,2
1.15165165165165,0.125,0.1,0,2
1.15315315315315,0.125,0.1,0,2
1.15465465465465,0.125,0.1,0,2
1.15615615615616,0.125,0.1,0,2
1.15765765765766,0.125,0.1,0,2
1.15915915915916,0.125,0.1,0,2
1.16066066066066,0.125,0.1,0,2
1.16216216216216,0.125,0.1,0,2
1.16366366366366,0.125,0.1,0,2
1.16516516516517,0.125,0.1,0,2
1.16666666666667,0.125,0.1,0,2
1.16816816816817,0.125,0.1,0,2
1.16966966966967,0.125,0.1,0,2
1.17117117117117,0.125,0.1,0,2
1.17267267267267,0.125,0.1,0,2
1.17417417417417,0.125,0.1,0,2
1.17567567567568,0.125,0.1,0,2
1.17717717717718,0.125,0.1,0,2
1.17867867867868,0.125,0.1,0,2
1.18018018018018,0.125,0.1,0,2
1.18168168168168,0.125,0.1,0,2
1.18318318318318,0.125,0.1,0,2
1.18468468468468,0.125,0.1,0,2
1.18618618618619,0.125,0.1,0,2
1.18768768768769,0.125,0.1,0,2
1.18918918918919,0.125,0.1,0,2
1.19069069069069,0.125,0.1,0,2
1.19219219219219,0.125,0.1,0,2
1.19369369369369,0.125,0.1,0,2
1.1951951951952,0.125,0.1,0,2
1.1966966966967,0.125,0.1,0,2
1.1981981981982,0.125,0.1,0,2
1.1996996996997,0.125,0.1,0,2
1.2012012012012,0.125,0.1,0,2
1.2027027027027,0.125,0.1,0,2
1.2042042042042,0.125,0.1,0,2
1.20570570570571,0.125,0.1,0,2
1.20720720720721,0.125,0.1,0,2
1.20870870870871,0.125,0.1,0,2
1.21021021021021,0.125,0.1,0,2
1.21171171171171,0.125,0.1,0,2
1.21321321321321,0.125,0.1,0,2
1.21471471471471,0.125,0.1,0,2
1.21621621621622,0.125,0.1,0,2
1.21771771771772,0.125,0.1,0,2
1.21921921921922,0.125,0.1,0,2
1.22072072072072,0.125,0.1,0,2
1.22222222222222,0.125,0.1,0,2
1.22372372372372,0.125,0.1,0,2
1.22522522522523,0.125,0.1,0,2
1.22672672672673,0.125,0.1,0,2
1.22822822822823,0.125,0.1,0,2
1.22972972972973,0.125,0.1,0,2
1.23123123123123,0.125,0.1,0,2
1.23273273273273,0.125,0.1,0,2
1.23423423423423,0.125,0.1,0,2
1.23573573573574,0.125,0.1,0,2
1.23723723723724,0.125,0.1,0,2
1.23873873873874,0.125,0.1,0,2
1.24024024024024,0.125,0.1,0,2
1.24174174174174,0.125,0.1,0,2
1.24324324324324,0.125,0.1,0,2
1.24474474474474,0.125,0.1,0,2
1.24624624624625,0.125,0.1,0,2
1.24774774774775,0.125,0.1,0,2
1.24924924924925,0.125,0.1,0,2
1.25075075075075,0.125,0.1,0,2
1.25225225225225,0.125,0.1,0,2
1.25375375375375,0.125,0.1,0,2
1.25525525525526,0.125,0.1,0,2
1.25675675675676,0.125,0.1,0,2
1.25825825825826,0.125,0.1,0,2
1.25975975975976,0.125,0.1,0,2
1.26126126126126,0.125,0.1,0,2
1.26276276276276,0.125,0.1,0,2
1.26426426426426,0.125,0.1,0,2
1.26576576576577,0.125,0.1,0,2
1.26726726726727,0.125,0.1,0,2
1.26876876876877,0.125,0.1,0,2
1.27027027027027,0.125,0.1,0,2
1.27177177177177,0.125,0.1,0,2
1.27327327327327,0.125,0.1,0,2
1.27477477477477,0.125,0.1,0,2
1.27627627627628,0.125,0.1,0,2
1.27777777777778,0.125,0.1,0,2
1.27927927927928,0.125,0.1,0,2
1.28078078078078,0.125,0.1,0,2
1.28228228228228,0.125,0.1,0,2
1.28378378378378,0.125,0.1,0,2
1.28528528528529,0.125,0.1,0,2
1.28678678678679,0.125,0.1,0,2
1.28828828828829,0.125,0.1,0,2
1.28978978978979,0.125,0.1,0,2
1.29129129129129,0.125,0.1,0,2
1.29279279279279,0.125,0.1,0,2
1.29429429429429,0.125,0.1,0,2
1.2957957957958,0.125,0.1,0,2
1.2972972972973,0.125,0.1,0,2
1.2987987987988,0.125,0.1,0,2
1.3003003003003,0.125,0.1,0,2
1.3018018018018,0.125,0.1,0,2
1.3033033033033,0.125,0.1,0,2
1.3048048048048,0.125,0.1,0,2
1.30630630630631,0.125,0.1,0,2
1.30780780780781,0.125,0.1,0,2
1.30930930930931,0.125,0.1,0,2
1.31081081081081,0.125,0.1,0,2
1.31231231231231,0.125,0.1,0,2
1.31381381381381,0.125,0.1,0,2
1.31531531531532,0.125,0.1,0,2
1.31681681681682,0.125,0.1,0,2
1.31831831831832,0.125,0.1,0,2
1.31981981981982,0.125,0.1,0,2
1.32132132132132,0.125,0.1,0,2
1.32282282282282,0.125,0.1,0,2
1.32432432432432,0.125,0.1,0,2
1.32582582582583,0.125,0.1,0,2
1.32732732732733,0.125,0.1,0,2
1.32882882882883,0.125,0.1,0,2
1.33033033033033,0.125,0.1,0,2
1.33183183183183,0.125,0.1,0,2
1.33333333333333,0.125,0.1,0,2
1.33483483483483,0.125,0.1,0,2
1.33633633633634,0.125,0.1,0,2
1.33783783783784,0.125,0.1,0,2
1.33933933933934,0.125,0.1,0,2
1.34084084084084,0.125,0.1,0,2
1.34234234234234,0.125,0.1,0,2
1.34384384384384,0.125,0.1,0,2
1.34534534534535,0.125,0.1,0,2
1.34684684684685,0.125,0.1,0,2
1.34834834834835,0.125,0.1,0,2
1.34984984984985,0.125,0.1,0,2
1.35135135135135,0.125,0.1,0,2
1.35285285285285,0.125,0.1,0,2
1.35435435435435,0.125,0.1,0,2
1.35585585585586,0.125,0.1,0,2
1.35735735735736,0.125,0.1,0,2
1.35885885885886,0.125,0.1,0,2
1.36036036036036,0.125,0.1,0,2
1.36186186186186,0.125,0.1,0,2
1.36336336336336,0.125,0.1,0,2
1.36486486486486,0.125,0.1,0,2
1.36636636636637,0.125,0.1,0,2
1.36786786786787,0.125,0.1,0,2
1.36936936936937,0.125,0.1,0,2
1.37087087087087,0.125,0.1,0,2
1.37237237237237,0.125,0.1,0,2
1.37387387387387,0.125,0.1,0,2
1.37537537537538,0.125,0.1,0,2
1.37687687687688,0.125,0.1,0,2
1.37837837837838,0.125,0.1,0,2
1.37987987987988,0.125,0.1,0,2
1.38138138138138,0.125,0.1,0,2
1.38288288288288,0.125,0.1,0,2
1.38438438438438,0.125,0.1,0,2
1.38588588588589,0.125,0.1,0,2
1.38738738738739,0.125,0.1,0,2
1.38888888888889,0.125,0.1,0,2
1.39039039039039,0.125,0.1,0,2
1.39189189189189,0.125,0.1,0,2
1.39339339339339,0.125,0.1,0,2
1.39489489489489,0.125,0.1,0,2
1.3963963963964,0.125,0.1,0,2
1.3978978978979,0.125,0.1,0,2
1.3993993993994,0.125,0.1,0,2
1.4009009009009,0.125,0.1,0,2
1.4024024024024,0.125,0.1,0,2
1.4039039039039,0.125,0.1,0,2
1.40540540540541,0.125,0.1,0,2
1.40690690690691,0.125,0.1,0,2
1.40840840840841,0.125,0.1,0,2
1.40990990990991,0.125,0.1,0,2
1.41141141141141,0.125,0.1,0,2
1.41291291291291,0.125,0.1,0,2
1.41441441441441,0.125,0.1,0,2
1.41591591591592,0.125,0.1,0,2
1.41741741741742,0.125,0.1,0,2
1.41891891891892,0.125,0.1,0,2
1.42042042042042,0.125,0.1,0,2
1.42192192192192,0.125,0.1,0,2
1.42342342342342,0.125,0.1,0,2
1.42492492492492,0.125,0.1,0,2
1.42642642642643,0.125,0.1,0,2
1.42792792792793,0.125,0.1,0,2
1.42942942942943,0.125,0.1,0,2
1.43093093093093,0.125,0.1,0,2
1.43243243243243,0.125,0.1,0,2
1.43393393393393,0.125,0.1,0,2
1.43543543543544,0.125,0.1,0,2
1.43693693693694,0.125,0.1,0,2
1.43843843843844,0.125,0.1,0,2
1.43993993993994,0.125,0.1,0,2
1.44144144144144,0.125,0.1,0,2
1.44294294294294,0.125,0.1,0,2
1.44444444444444,0.125,0.1,0,2
1.44594594594595,0.125,0.1,0,2
1.44744744744745,0.125,0.1,0,2
1.44894894894895,0.125,0.1,0,2
1.45045045045045,0.125,0.1,0,2
1.45195195195195,0.125,0.1,0,2
1.45345345345345,0.125,0.1,0,2
1.45495495495495,0.125,0.1,0,2
1.45645645645646,0.125,0.1,0,2
1.45795795795796,0.125,0.1,0,2
1.45945945945946,0.125,0.1,0,2
1.46096096096096,0.125,0.1,0,2
1.46246246246246,0.125,0.1,0,2
1.46396396396396,0.125,0.1,0,2
1.46546546546547,0.125,0.1,0,2
1.46696696696697,0.125,0.1,0,2
1.46846846846847,0.125,0.1,0,2
1.46996996996997,0.125,0.1,0,2
1.47147147147147,0.125,0.1,0,2
1.47297297297297,0.125,0.1,0,2
1.47447447447447,0.125,0.1,0,2
1.47597597597598,0.125,0.1,0,2
1.47747747747748,0.125,0.1,0,2
1.47897897897898,0.125,0.1,0,2
1.48048048048048,0.125,0.1,0,2
1.48198198198198,0.125,0.1,0,2
1.48348348348348,0.125,0.1,0,2
1.48498498498498,0.125,0.1,0,2
1.48648648648649,0.125,0.1,0,2
1.48798798798799,0.125,0.1,0,2
1.48948948948949,0.125,0.1,0,2
1.49099099099099,0.125,0.1,0,2
1.49249249249249,0.125,0.1,0,2
1.49399399399399,0.125,0.1,0,2
1.4954954954955,0.125,0.1,0,2
1.496996996997,0.125,0.1,0,2
1.4984984984985,0.125,0.1,0,2
1.5,0.125,0.1,0,2